506 317
0.000 0.000
2.000 0.000
4.000 0.000
6.000 0.000
8.000 0.000
10.000 0.000
12.000 0.000
14.000 0.000
16.000 0.000
18.000 0.000
20.000 0.000
22.000 0.000
24.000 0.000
26.000 0.000
28.000 0.000
30.000 0.000
32.000 0.000
34.000 0.000
36.000 0.000
38.000 0.000
40.000 0.000
42.000 0.000
43.000 0.000
0.000 1.732
1.000 1.732
3.000 1.732
5.000 1.732
7.000 1.732
9.000 1.732
11.000 1.732
13.000 1.732
15.000 1.732
17.000 1.732
19.000 1.732
21.000 1.732
23.000 1.732
25.000 1.732
27.000 1.732
29.000 1.732
31.000 1.732
33.000 1.732
35.000 1.732
37.000 1.732
39.000 1.732
41.000 1.732
43.000 1.732
0.000 3.464
2.000 3.464
4.000 3.464
6.000 3.464
8.000 3.464
10.000 3.464
12.000 3.464
14.000 3.464
16.000 3.464
18.000 3.464
20.000 3.464
22.000 3.464
24.000 3.464
26.000 3.464
28.000 3.464
30.000 3.464
32.000 3.464
34.000 3.464
36.000 3.464
38.000 3.464
40.000 3.464
42.000 3.464
43.000 3.464
0.000 5.196
1.000 5.196
3.000 5.196
5.000 5.196
7.000 5.196
9.000 5.196
11.000 5.196
13.000 5.196
15.000 5.196
17.000 5.196
19.000 5.196
21.000 5.196
23.000 5.196
25.000 5.196
27.000 5.196
29.000 5.196
31.000 5.196
33.000 5.196
35.000 5.196
37.000 5.196
39.000 5.196
41.000 5.196
43.000 5.196
0.000 6.928
2.000 6.928
4.000 6.928
6.000 6.928
8.000 6.928
10.000 6.928
12.000 6.928
14.000 6.928
16.000 6.928
18.000 6.928
20.000 6.928
22.000 6.928
24.000 6.928
26.000 6.928
28.000 6.928
30.000 6.928
32.000 6.928
34.000 6.928
36.000 6.928
38.000 6.928
40.000 6.928
42.000 6.928
43.000 6.928
0.000 8.660
1.000 8.660
3.000 8.660
5.000 8.660
7.000 8.660
9.000 8.660
11.000 8.660
13.000 8.660
15.000 8.660
17.000 8.660
19.000 8.660
21.000 8.660
23.000 8.660
25.000 8.660
27.000 8.660
29.000 8.660
31.000 8.660
33.000 8.660
35.000 8.660
37.000 8.660
39.000 8.660
41.000 8.660
43.000 8.660
0.000 10.392
2.000 10.392
4.000 10.392
6.000 10.392
8.000 10.392
10.000 10.392
12.000 10.392
14.000 10.392
16.000 10.392
18.000 10.392
20.000 10.392
22.000 10.392
24.000 10.392
26.000 10.392
28.000 10.392
30.000 10.392
32.000 10.392
34.000 10.392
36.000 10.392
38.000 10.392
40.000 10.392
42.000 10.392
43.000 10.392
0.000 12.124
1.000 12.124
3.000 12.124
5.000 12.124
7.000 12.124
9.000 12.124
11.000 12.124
13.000 12.124
15.000 12.124
17.000 12.124
19.000 12.124
21.000 12.124
23.000 12.124
25.000 12.124
27.000 12.124
29.000 12.124
31.000 12.124
33.000 12.124
35.000 12.124
37.000 12.124
39.000 12.124
41.000 12.124
43.000 12.124
0.000 13.856
2.000 13.856
4.000 13.856
6.000 13.856
8.000 13.856
10.000 13.856
12.000 13.856
14.000 13.856
16.000 13.856
18.000 13.856
20.000 13.856
22.000 13.856
24.000 13.856
26.000 13.856
28.000 13.856
30.000 13.856
32.000 13.856
34.000 13.856
36.000 13.856
38.000 13.856
40.000 13.856
42.000 13.856
43.000 13.856
0.000 15.588
1.000 15.588
3.000 15.588
5.000 15.588
7.000 15.588
9.000 15.588
11.000 15.588
13.000 15.588
15.000 15.588
17.000 15.588
19.000 15.588
21.000 15.588
23.000 15.588
25.000 15.588
27.000 15.588
29.000 15.588
31.000 15.588
33.000 15.588
35.000 15.588
37.000 15.588
39.000 15.588
41.000 15.588
43.000 15.588
0.000 17.321
2.000 17.321
4.000 17.321
6.000 17.321
8.000 17.321
10.000 17.321
12.000 17.321
14.000 17.321
16.000 17.321
18.000 17.321
20.000 17.321
22.000 17.321
24.000 17.321
26.000 17.321
28.000 17.321
30.000 17.321
32.000 17.321
34.000 17.321
36.000 17.321
38.000 17.321
40.000 17.321
42.000 17.321
43.000 17.321
0.000 19.053
1.000 19.053
3.000 19.053
5.000 19.053
7.000 19.053
9.000 19.053
11.000 19.053
13.000 19.053
15.000 19.053
17.000 19.053
19.000 19.053
21.000 19.053
23.000 19.053
25.000 19.053
27.000 19.053
29.000 19.053
31.000 19.053
33.000 19.053
35.000 19.053
37.000 19.053
39.000 19.053
41.000 19.053
43.000 19.053
0.000 20.785
2.000 20.785
4.000 20.785
6.000 20.785
8.000 20.785
10.000 20.785
12.000 20.785
14.000 20.785
16.000 20.785
18.000 20.785
20.000 20.785
22.000 20.785
24.000 20.785
26.000 20.785
28.000 20.785
30.000 20.785
32.000 20.785
34.000 20.785
36.000 20.785
38.000 20.785
40.000 20.785
42.000 20.785
43.000 20.785
0.000 22.517
1.000 22.517
3.000 22.517
5.000 22.517
7.000 22.517
9.000 22.517
11.000 22.517
13.000 22.517
15.000 22.517
17.000 22.517
19.000 22.517
21.000 22.517
23.000 22.517
25.000 22.517
27.000 22.517
29.000 22.517
31.000 22.517
33.000 22.517
35.000 22.517
37.000 22.517
39.000 22.517
41.000 22.517
43.000 22.517
0.000 24.249
2.000 24.249
4.000 24.249
6.000 24.249
8.000 24.249
10.000 24.249
12.000 24.249
14.000 24.249
16.000 24.249
18.000 24.249
20.000 24.249
22.000 24.249
24.000 24.249
26.000 24.249
28.000 24.249
30.000 24.249
32.000 24.249
34.000 24.249
36.000 24.249
38.000 24.249
40.000 24.249
42.000 24.249
43.000 24.249
0.000 25.981
1.000 25.981
3.000 25.981
5.000 25.981
7.000 25.981
9.000 25.981
11.000 25.981
13.000 25.981
15.000 25.981
17.000 25.981
19.000 25.981
21.000 25.981
23.000 25.981
25.000 25.981
27.000 25.981
29.000 25.981
31.000 25.981
33.000 25.981
35.000 25.981
37.000 25.981
39.000 25.981
41.000 25.981
43.000 25.981
0.000 27.713
2.000 27.713
4.000 27.713
6.000 27.713
8.000 27.713
10.000 27.713
12.000 27.713
14.000 27.713
16.000 27.713
18.000 27.713
20.000 27.713
22.000 27.713
24.000 27.713
26.000 27.713
28.000 27.713
30.000 27.713
32.000 27.713
34.000 27.713
36.000 27.713
38.000 27.713
40.000 27.713
42.000 27.713
43.000 27.713
0.000 29.445
1.000 29.445
3.000 29.445
5.000 29.445
7.000 29.445
9.000 29.445
11.000 29.445
13.000 29.445
15.000 29.445
17.000 29.445
19.000 29.445
21.000 29.445
23.000 29.445
25.000 29.445
27.000 29.445
29.000 29.445
31.000 29.445
33.000 29.445
35.000 29.445
37.000 29.445
39.000 29.445
41.000 29.445
43.000 29.445
0.000 31.177
2.000 31.177
4.000 31.177
6.000 31.177
8.000 31.177
10.000 31.177
12.000 31.177
14.000 31.177
16.000 31.177
18.000 31.177
20.000 31.177
22.000 31.177
24.000 31.177
26.000 31.177
28.000 31.177
30.000 31.177
32.000 31.177
34.000 31.177
36.000 31.177
38.000 31.177
40.000 31.177
42.000 31.177
43.000 31.177
0.000 32.909
1.000 32.909
3.000 32.909
5.000 32.909
7.000 32.909
9.000 32.909
11.000 32.909
13.000 32.909
15.000 32.909
17.000 32.909
19.000 32.909
21.000 32.909
23.000 32.909
25.000 32.909
27.000 32.909
29.000 32.909
31.000 32.909
33.000 32.909
35.000 32.909
37.000 32.909
39.000 32.909
41.000 32.909
43.000 32.909
0.000 34.641
2.000 34.641
4.000 34.641
6.000 34.641
8.000 34.641
10.000 34.641
12.000 34.641
14.000 34.641
16.000 34.641
18.000 34.641
20.000 34.641
22.000 34.641
24.000 34.641
26.000 34.641
28.000 34.641
30.000 34.641
32.000 34.641
34.000 34.641
36.000 34.641
38.000 34.641
40.000 34.641
42.000 34.641
43.000 34.641
0.000 36.373
1.000 36.373
3.000 36.373
5.000 36.373
7.000 36.373
9.000 36.373
11.000 36.373
13.000 36.373
15.000 36.373
17.000 36.373
19.000 36.373
21.000 36.373
23.000 36.373
25.000 36.373
27.000 36.373
29.000 36.373
31.000 36.373
33.000 36.373
35.000 36.373
37.000 36.373
39.000 36.373
41.000 36.373
43.000 36.373
6 30 31 32 54 53 52 
4 56 80 79 55 
5 183 205 182 159 160 
6 241 240 217 218 195 219 
4 4 28 27 3 
4 27 49 26 3 
4 51 28 29 52 
5 245 223 246 269 268 
6 101 79 80 102 126 125 
4 57 81 80 56 
4 101 100 78 79 
6 8 9 33 32 31 7 
5 154 153 131 108 132 
5 129 151 150 128 105 
4 126 102 103 127 
4 146 123 124 147 
6 304 281 305 328 351 327 
4 171 193 170 147 
5 239 217 240 263 262 
8 236 214 190 191 215 237 261 260 
4 256 233 257 279 
4 141 142 165 164 
4 211 210 187 188 
7 71 70 47 24 25 48 72 
6 186 187 210 209 208 185 
7 117 116 93 70 71 94 118 
7 306 329 352 328 305 282 283 
4 256 278 255 232 
4 118 94 95 119 
8 186 185 162 163 140 141 164 187 
4 420 397 398 421 
4 372 349 350 373 
6 326 303 304 327 350 349 
5 303 302 279 257 280 
4 282 305 281 259 
5 304 303 280 258 281 
5 372 396 418 395 371 
5 348 349 372 371 370 
6 393 416 439 438 415 392 
4 239 262 238 216 
4 439 462 461 438 
4 421 398 399 422 
4 419 396 397 420 
8 419 443 444 466 465 442 418 396 
5 397 396 372 373 374 
5 369 346 347 348 370 
6 486 485 462 440 463 487 
6 440 417 395 418 441 463 
7 450 472 449 425 403 404 426 
5 421 422 445 467 444 
4 307 329 306 283 
4 353 330 354 376 
4 383 382 360 361 
4 442 464 441 418 
4 194 172 195 218 
5 422 399 400 401 423 
5 199 223 245 222 198 
8 339 362 361 338 316 317 318 340 
5 403 379 357 380 404 
4 401 377 378 402 
6 474 451 452 475 499 498 
6 356 333 334 357 379 378 
7 454 453 429 406 407 430 431 
6 494 493 470 447 448 471 
7 425 449 471 448 447 424 402 
4 411 433 410 387 
4 384 383 361 362 
6 342 343 366 389 388 365 
5 496 472 450 473 497 
6 389 366 343 344 367 390 
5 432 410 433 456 455 
5 320 343 342 319 296 
4 364 365 387 386 
5 294 293 270 271 272 
6 341 340 318 295 319 342 
7 274 297 320 296 319 295 273 
5 245 268 267 244 222 
8 61 85 107 84 106 83 60 38 
5 251 274 273 250 228 
9 66 89 111 110 88 65 64 42 43 
5 297 274 275 298 321 
5 240 241 265 264 263 
6 175 174 150 151 152 176 
4 107 85 108 131 
4 204 182 205 228 
6 197 198 222 244 221 220 
5 35 34 10 11 12 
4 63 86 62 40 
6 37 36 13 14 15 38 
5 15 16 39 61 38 
4 5 29 28 4 
5 20 44 66 43 19 
5 108 85 86 109 132 
5 182 204 181 157 158 
6 67 90 112 89 66 44 
5 40 16 17 41 63 
5 156 180 202 179 155 
5 113 90 91 114 137 
6 114 115 138 161 160 137 
6 48 26 49 50 73 72 
4 25 24 1 2 
4 26 48 25 2 
4 72 95 94 71 
4 139 140 163 162 
5 95 72 73 96 119 
4 117 140 139 116 
9 121 120 97 74 75 76 98 99 122 
4 140 117 118 141 
7 74 96 73 50 28 51 75 
5 76 75 51 52 53 
4 97 120 96 74 
6 192 170 193 217 239 216 
4 213 235 212 189 
5 166 143 144 167 189 
5 120 143 142 119 96 
4 29 6 30 52 
7 77 76 53 54 78 100 99 
4 27 28 50 49 
3 5 6 29 
4 7 31 30 6 
4 100 101 124 123 
4 33 9 10 34 
4 33 56 55 32 
4 34 57 56 33 
5 78 54 32 55 79 
7 58 82 104 81 57 34 35 
4 36 35 12 13 
4 103 102 80 81 
6 149 148 126 127 128 150 
4 99 100 123 122 
4 104 127 103 81 
4 148 147 125 126 
4 124 101 125 147 
4 99 98 76 77 
6 237 215 192 216 238 261 
6 145 146 169 191 190 168 
5 165 166 188 187 164 
4 194 193 171 172 
5 146 147 170 192 169 
4 191 169 192 215 
4 145 122 123 146 
4 144 121 122 145 
7 149 150 174 173 195 172 148 
4 171 147 148 172 
4 197 174 175 198 
4 217 193 194 218 
4 220 219 196 197 
7 265 241 219 220 242 243 266 
4 286 285 263 264 
4 196 219 195 173 
4 309 285 286 310 
5 287 286 264 265 288 
4 142 143 166 165 
4 213 190 214 236 
5 189 167 168 190 213 
6 212 235 258 234 211 188 
4 235 213 236 259 
4 189 212 188 166 
4 259 281 258 235 
4 143 120 121 144 
4 144 145 168 167 
4 141 118 119 142 
6 255 278 301 300 277 254 
5 278 256 279 302 301 
5 233 210 211 234 257 
6 231 208 209 232 255 254 
5 232 209 210 233 256 
4 323 300 301 324 
4 325 326 349 348 
5 373 350 327 351 374 
4 258 280 257 234 
5 282 259 236 260 283 
4 262 284 261 238 
4 324 301 302 325 
4 325 302 303 326 
5 355 377 376 354 331 
5 374 351 328 352 375 
6 348 347 346 323 324 325 
6 394 393 392 369 370 371 
5 439 416 417 440 462 
4 394 417 416 393 
4 395 417 394 371 
4 485 484 461 462 
5 465 466 490 489 488 
4 463 441 464 487 
5 464 442 465 488 487 
5 490 466 444 467 491 
6 467 445 468 469 492 491 
4 398 397 374 375 
5 443 419 420 421 444 
5 353 376 375 352 329 
7 376 377 401 400 399 398 375 
6 446 445 422 423 424 447 
4 401 402 424 423 
6 333 356 332 309 310 311 
4 469 470 493 492 
4 446 469 468 445 
4 447 470 469 446 
6 495 494 471 449 472 496 
5 476 499 475 453 454 
5 402 378 379 403 425 
6 428 429 453 475 452 451 
6 332 356 378 377 355 331 
4 289 290 313 312 
4 315 338 337 314 
6 307 284 308 330 353 329 
5 331 308 285 309 332 
4 331 354 330 308 
5 285 308 284 262 263 
5 283 260 261 284 307 
5 244 267 266 243 221 
6 357 334 335 359 358 380 
4 288 265 266 289 
5 311 310 286 287 288 
4 312 311 288 289 
4 291 290 268 269 
5 289 266 267 268 290 
4 334 333 311 312 
5 316 292 293 294 317 
9 315 314 291 269 246 247 270 293 292 
4 315 292 316 338 
4 224 225 247 246 
4 318 317 294 295 
4 290 291 314 313 
6 359 335 336 360 382 381 
7 386 385 384 362 339 363 364 
5 404 380 381 405 427 
5 360 336 337 338 361 
5 364 363 339 340 341 
4 336 313 314 337 
5 312 313 336 335 334 
4 406 429 428 405 
6 427 405 428 451 473 450 
4 381 380 358 359 
5 405 381 382 383 406 
4 427 450 426 404 
5 474 498 497 473 451 
4 477 476 454 455 
4 500 499 476 477 
6 410 432 409 385 386 387 
4 413 436 435 412 
5 455 454 431 409 432 
5 384 385 409 408 407 
5 431 430 407 408 409 
4 407 406 383 384 
7 455 456 478 502 501 500 477 
6 435 436 437 460 459 458 
4 388 411 387 365 
9 458 480 457 479 456 433 411 434 435 
5 478 456 479 503 502 
4 480 503 479 457 
7 459 482 483 506 505 481 458 
6 480 458 481 505 504 503 
4 460 483 482 459 
5 414 413 389 390 391 
5 389 413 412 411 388 
4 412 435 434 411 
4 414 437 436 413 
4 368 367 344 345 
4 368 391 390 367 
5 321 344 343 320 297 
6 321 298 299 322 345 344 
4 341 342 365 364 
4 295 294 272 273 
6 248 272 271 270 247 225 
6 250 273 272 248 249 227 
5 275 274 251 229 252 
3 2 3 26 
6 275 252 253 276 299 298 
4 230 229 206 207 
4 226 203 227 249 
6 206 229 251 228 205 183 
4 206 183 184 207 
4 227 204 228 250 
4 252 229 230 253 
4 160 161 184 183 
4 64 65 88 87 
4 157 181 180 156 
6 135 112 136 159 182 158 
6 180 181 204 227 203 202 
5 131 153 152 130 107 
7 111 135 158 157 156 134 110 
4 178 154 155 179 
4 226 225 202 203 
4 226 249 248 225 
7 179 202 225 224 200 201 178 
7 178 201 200 223 199 176 177 
4 223 200 224 246 
4 153 177 176 152 
4 243 242 220 221 
4 176 199 198 175 
4 174 197 196 173 
5 129 106 130 152 151 
4 106 84 107 130 
4 154 178 177 153 
4 39 16 40 62 
6 133 156 155 154 132 109 
4 128 127 104 105 
5 85 61 39 62 86 
4 36 59 58 35 
5 59 60 83 82 58 
6 82 83 106 129 105 104 
5 60 59 36 37 38 
4 64 63 41 42 
5 87 109 86 63 64 
4 42 18 19 43 
4 18 42 41 17 
4 113 136 112 90 
4 134 156 133 110 
5 109 87 88 110 133 
4 112 135 111 89 
4 114 91 92 115 
5 159 136 113 137 160 
7 67 45 68 69 92 91 90 
4 46 69 68 45 
4 46 45 22 23 
6 45 67 44 20 21 22 
