506 168
194.000 270.000
99.000 109.000
441.000 138.000
215.000 320.000
256.000 321.000
380.000 137.000
298.000 336.000
506.000 365.000
110.000 285.000
427.000 468.000
346.000 269.000
398.000 41.000
236.000 208.000
506.000 468.000
433.000 264.000
94.000 389.000
0.000 382.000
109.000 298.000
471.000 394.000
207.000 186.000
478.000 24.000
342.000 249.000
403.000 506.000
145.000 220.000
0.000 0.000
124.000 35.000
44.000 442.000
144.000 102.000
259.000 98.000
37.000 412.000
335.000 218.000
465.000 355.000
49.000 386.000
506.000 454.000
280.000 148.000
237.000 177.000
272.000 162.000
266.000 487.000
180.000 173.000
323.000 392.000
375.000 430.000
381.000 324.000
348.000 147.000
277.000 105.000
366.000 192.000
348.000 165.000
268.000 56.000
26.000 361.000
80.000 103.000
376.000 102.000
386.000 286.000
125.000 102.000
159.000 253.000
346.000 506.000
454.000 30.000
506.000 458.000
186.000 108.000
35.000 473.000
237.000 428.000
216.000 405.000
224.000 89.000
163.000 506.000
396.000 201.000
130.000 347.000
119.000 310.000
176.000 463.000
424.000 299.000
125.000 250.000
437.000 0.000
273.000 395.000
215.000 134.000
320.000 336.000
324.000 297.000
124.000 43.000
203.000 443.000
193.000 151.000
24.000 468.000
397.000 174.000
179.000 351.000
181.000 262.000
343.000 468.000
385.000 28.000
231.000 119.000
176.000 458.000
42.000 229.000
297.000 339.000
283.000 166.000
418.000 220.000
411.000 333.000
365.000 464.000
322.000 103.000
241.000 267.000
131.000 306.000
432.000 383.000
478.000 350.000
0.000 79.000
44.000 265.000
326.000 91.000
108.000 39.000
386.000 123.000
168.000 300.000
423.000 32.000
163.000 240.000
0.000 353.000
506.000 48.000
382.000 0.000
466.000 506.000
255.000 341.000
171.000 91.000
283.000 152.000
163.000 343.000
249.000 257.000
506.000 160.000
68.000 343.000
296.000 198.000
81.000 44.000
281.000 69.000
25.000 0.000
178.000 242.000
119.000 165.000
53.000 229.000
38.000 186.000
0.000 321.000
260.000 122.000
257.000 391.000
252.000 47.000
400.000 309.000
198.000 421.000
450.000 166.000
473.000 131.000
0.000 195.000
182.000 95.000
163.000 329.000
132.000 85.000
263.000 416.000
145.000 442.000
100.000 291.000
392.000 72.000
431.000 152.000
188.000 431.000
301.000 299.000
0.000 469.000
203.000 392.000
506.000 164.000
481.000 0.000
324.000 44.000
82.000 102.000
488.000 134.000
479.000 314.000
18.000 355.000
63.000 116.000
198.000 142.000
100.000 412.000
453.000 23.000
34.000 67.000
304.000 327.000
296.000 85.000
427.000 150.000
435.000 252.000
487.000 290.000
299.000 477.000
220.000 202.000
136.000 379.000
437.000 465.000
137.000 289.000
348.000 225.000
99.000 195.000
437.000 312.000
147.000 244.000
418.000 79.000
22.000 487.000
470.000 116.000
222.000 112.000
65.000 67.000
91.000 205.000
253.000 365.000
462.000 368.000
463.000 333.000
420.000 362.000
74.000 399.000
506.000 383.000
375.000 247.000
443.000 220.000
457.000 127.000
132.000 178.000
439.000 97.000
147.000 486.000
344.000 353.000
307.000 75.000
47.000 246.000
0.000 171.000
231.000 76.000
74.000 367.000
466.000 86.000
0.000 427.000
433.000 147.000
391.000 159.000
357.000 444.000
54.000 254.000
448.000 64.000
272.000 333.000
271.000 373.000
0.000 166.000
110.000 37.000
98.000 81.000
294.000 392.000
426.000 130.000
465.000 121.000
466.000 175.000
443.000 219.000
463.000 435.000
506.000 0.000
339.000 399.000
104.000 124.000
317.000 506.000
50.000 391.000
22.000 54.000
205.000 283.000
430.000 401.000
61.000 0.000
291.000 453.000
95.000 151.000
64.000 145.000
457.000 247.000
146.000 471.000
387.000 170.000
132.000 307.000
203.000 358.000
101.000 301.000
194.000 111.000
219.000 442.000
219.000 222.000
445.000 147.000
324.000 86.000
292.000 63.000
258.000 397.000
162.000 182.000
283.000 490.000
81.000 117.000
329.000 48.000
54.000 118.000
404.000 487.000
38.000 268.000
299.000 43.000
158.000 202.000
379.000 170.000
268.000 55.000
42.000 265.000
203.000 182.000
274.000 233.000
0.000 506.000
183.000 133.000
188.000 477.000
204.000 174.000
78.000 434.000
151.000 418.000
67.000 443.000
298.000 455.000
405.000 200.000
24.000 490.000
471.000 145.000
362.000 238.000
115.000 190.000
266.000 261.000
16.000 333.000
320.000 506.000
394.000 28.000
201.000 415.000
106.000 406.000
0.000 245.000
421.000 0.000
230.000 469.000
302.000 219.000
436.000 137.000
0.000 110.000
146.000 164.000
275.000 476.000
148.000 17.000
506.000 488.000
217.000 233.000
483.000 105.000
26.000 0.000
192.000 69.000
438.000 448.000
352.000 39.000
334.000 0.000
323.000 390.000
371.000 147.000
72.000 408.000
320.000 348.000
210.000 58.000
261.000 280.000
506.000 218.000
322.000 394.000
506.000 65.000
191.000 337.000
52.000 151.000
461.000 179.000
154.000 275.000
137.000 204.000
213.000 361.000
126.000 194.000
506.000 442.000
226.000 165.000
117.000 29.000
222.000 45.000
200.000 283.000
182.000 247.000
472.000 95.000
238.000 404.000
475.000 100.000
394.000 404.000
135.000 153.000
341.000 20.000
250.000 0.000
484.000 78.000
213.000 109.000
506.000 334.000
146.000 37.000
262.000 468.000
484.000 172.000
115.000 287.000
284.000 16.000
54.000 466.000
307.000 219.000
382.000 142.000
90.000 370.000
179.000 79.000
87.000 490.000
64.000 506.000
238.000 161.000
165.000 0.000
484.000 320.000
280.000 243.000
34.000 111.000
415.000 467.000
488.000 299.000
244.000 338.000
388.000 450.000
19.000 467.000
413.000 116.000
275.000 173.000
419.000 37.000
166.000 104.000
76.000 448.000
111.000 415.000
78.000 0.000
196.000 401.000
225.000 446.000
334.000 362.000
327.000 475.000
174.000 382.000
158.000 365.000
183.000 449.000
88.000 50.000
404.000 268.000
125.000 197.000
290.000 166.000
0.000 202.000
216.000 482.000
71.000 262.000
428.000 252.000
274.000 194.000
506.000 153.000
478.000 82.000
463.000 368.000
31.000 198.000
444.000 89.000
74.000 416.000
228.000 56.000
214.000 310.000
354.000 52.000
356.000 223.000
203.000 417.000
36.000 151.000
0.000 314.000
83.000 330.000
506.000 18.000
210.000 294.000
120.000 239.000
267.000 38.000
141.000 200.000
163.000 475.000
65.000 43.000
313.000 392.000
230.000 147.000
125.000 457.000
390.000 364.000
250.000 479.000
279.000 286.000
215.000 94.000
365.000 200.000
334.000 460.000
341.000 81.000
96.000 152.000
50.000 45.000
107.000 161.000
506.000 395.000
40.000 269.000
487.000 162.000
197.000 319.000
433.000 38.000
243.000 66.000
57.000 452.000
119.000 27.000
90.000 229.000
451.000 348.000
200.000 357.000
258.000 51.000
0.000 201.000
408.000 404.000
102.000 459.000
200.000 384.000
412.000 374.000
68.000 335.000
99.000 161.000
406.000 52.000
452.000 455.000
43.000 247.000
489.000 352.000
116.000 506.000
326.000 87.000
320.000 403.000
343.000 405.000
467.000 184.000
93.000 95.000
486.000 435.000
75.000 343.000
298.000 253.000
309.000 268.000
357.000 424.000
405.000 83.000
303.000 462.000
407.000 34.000
198.000 278.000
105.000 236.000
0.000 299.000
471.000 320.000
422.000 37.000
437.000 327.000
403.000 423.000
506.000 506.000
246.000 476.000
456.000 160.000
332.000 390.000
273.000 304.000
202.000 262.000
209.000 158.000
57.000 42.000
357.000 154.000
428.000 223.000
215.000 317.000
122.000 18.000
199.000 0.000
66.000 221.000
263.000 259.000
338.000 271.000
447.000 187.000
506.000 236.000
52.000 75.000
481.000 72.000
361.000 165.000
407.000 379.000
199.000 350.000
282.000 128.000
152.000 427.000
384.000 432.000
0.000 159.000
248.000 242.000
68.000 284.000
469.000 228.000
130.000 381.000
237.000 89.000
453.000 369.000
204.000 339.000
359.000 451.000
473.000 198.000
176.000 506.000
410.000 178.000
191.000 476.000
182.000 436.000
120.000 43.000
89.000 226.000
99.000 258.000
165.000 203.000
364.000 174.000
327.000 274.000
435.000 463.000
430.000 394.000
68.000 32.000
0.000 401.000
425.000 446.000
232.000 149.000
253.000 199.000
120.000 173.000
488.000 102.000
29.000 64.000
458.000 70.000
359.000 302.000
332.000 348.000
239.000 129.000
102.000 151.000
402.000 25.000
290.000 360.000
173.000 211.000
51.000 96.000
7 355 205 426 147 174 384 116 
10 273 250 469 280 232 162 13 494 363 115 
11 117 157 44 29 473 192 403 126 409 247 47 
6 494 36 331 37 342 363 
7 152 252 230 317 173 83 71 
13 479 78 226 197 326 6 100 341 207 274 196 139 158 
16 119 103 53 169 24 300 382 245 485 505 232 280 447 1 80 308 
5 456 264 292 92 112 
8 254 448 304 331 36 162 20 249 
5 361 484 9 137 470 
10 249 20 162 232 505 485 245 237 39 254 
8 185 276 237 245 382 300 357 302 
18 122 375 297 223 222 395 416 397 120 495 263 167 175 483 455 121 85 367 
12 2 214 502 395 222 223 241 151 239 49 147 426 
5 375 122 191 203 468 
5 18 229 137 9 322 
7 359 410 367 85 190 419 270 
5 48 150 265 415 114 
10 406 436 484 361 199 190 85 121 455 483 
10 216 180 289 369 255 345 257 404 27 30 
13 24 169 68 380 436 406 483 175 167 263 302 357 300 
12 16 327 193 428 377 229 18 65 64 163 472 269 
17 428 114 415 265 123 376 437 243 399 248 97 199 361 470 137 229 377 
6 180 16 269 153 369 289 
4 104 123 265 150 
6 270 419 248 399 243 437 
11 387 412 345 255 369 153 269 346 256 466 136 
9 475 296 401 4 338 301 228 408 464 
6 340 77 171 260 251 142 
8 150 48 33 216 30 491 17 104 
5 48 114 428 193 33 
13 492 441 411 219 489 94 474 177 366 19 211 418 284 
10 58 77 340 142 195 491 30 27 404 324 
6 296 79 111 133 101 401 
17 379 218 307 435 1 447 92 292 390 446 5 201 108 338 4 452 371 
5 472 163 256 346 269 
8 68 169 53 299 165 322 9 484 
10 353 111 79 296 475 464 408 228 413 352 
11 176 125 236 310 60 143 413 228 301 338 108 
5 125 176 202 70 236 
13 80 1 435 307 218 379 371 452 4 401 101 299 53 
12 45 392 373 166 31 325 273 115 358 46 462 486 
8 156 7 86 201 5 446 390 141 
11 34 56 14 279 442 107 164 418 211 427 303 
15 238 161 433 351 266 215 478 253 480 360 272 443 389 38 277 
17 385 206 70 202 504 86 7 156 72 290 500 188 350 445 287 40 294 
15 161 238 277 320 389 443 272 349 59 310 236 135 221 258 433 
4 38 389 320 277 
10 81 90 339 336 242 23 54 266 351 393 
7 253 478 62 187 225 383 66 
7 476 198 431 41 467 339 90 
12 388 424 213 445 350 188 42 127 89 179 414 463 
5 312 424 388 463 411 
7 431 424 312 411 441 467 41 
8 95 420 8 181 398 19 366 32 
7 210 458 298 425 477 471 183 
5 67 168 440 89 127 
11 87 342 37 331 493 386 501 124 465 35 110 
5 400 321 209 444 261 
14 22 11 457 487 430 429 334 250 273 325 31 166 373 262 
6 274 207 341 186 184 3 
7 67 127 51 356 362 159 15 
6 250 334 264 456 112 469 
10 88 451 362 356 182 262 373 392 63 259 
8 493 331 304 448 76 152 71 386 
8 235 117 47 247 409 381 323 244 
8 197 226 246 486 462 450 288 326 
4 259 63 78 479 
8 506 241 335 275 96 497 155 460 
4 240 146 314 285 
16 44 157 189 234 422 98 91 43 450 462 46 358 87 110 35 465 
6 102 69 154 55 402 439 
7 271 69 102 439 343 434 503 
3 420 318 8 
15 332 454 306 291 283 328 109 344 28 52 134 74 26 319 278 
12 343 439 402 200 498 194 368 186 170 417 12 434 
5 106 271 503 267 82 
7 130 261 444 233 3 184 208 
5 96 25 118 217 497 
6 282 396 155 497 217 118 
8 151 241 506 460 174 147 49 239 
11 490 220 347 453 405 305 204 99 355 116 384 
6 282 220 490 384 449 396 
15 39 237 276 313 28 344 109 132 57 230 252 152 76 448 254 
7 375 468 275 335 241 223 297 
10 120 397 416 395 502 214 2 52 28 313 
6 396 449 384 174 460 155 
10 205 355 99 204 482 74 134 52 2 426 
5 313 276 185 495 120 
5 26 74 482 204 305 
6 26 305 405 453 278 319 
5 146 244 323 286 314 
4 453 347 332 278 
15 283 291 306 370 403 192 473 61 391 317 230 57 132 109 328 
9 370 306 454 315 323 381 409 126 403 
3 286 323 315 
4 71 83 501 386 
9 173 317 391 61 473 29 124 501 83 
4 44 465 124 29 
4 13 162 36 494 
5 92 447 280 469 112 
5 53 103 119 308 80 
4 484 436 380 68 
4 185 302 263 495 
5 131 191 122 367 410 
5 419 190 199 97 248 
6 101 133 227 93 165 299 
6 227 133 111 64 65 93 
5 65 18 322 165 93 
6 193 327 16 180 216 33 
6 187 421 329 412 387 225 
7 260 171 77 58 324 329 330 
3 260 330 251 
6 345 412 329 324 404 257 
3 329 421 330 
13 256 163 353 352 413 143 348 268 374 128 140 481 466 
9 84 66 383 225 387 136 466 481 354 
9 231 75 140 128 374 60 310 59 349 
4 75 354 481 140 
10 272 360 480 253 66 84 354 75 231 349 
3 187 62 421 
8 488 10 336 339 467 441 492 284 
5 348 143 60 374 268 
4 64 111 353 163 
7 390 292 264 334 429 430 141 
7 11 22 262 182 356 51 499 
6 108 201 86 504 202 176 
5 73 487 457 11 499 
4 430 487 73 141 
9 73 499 42 188 500 290 72 156 141 
4 42 499 51 127 
16 294 40 287 445 213 424 431 198 476 90 81 393 351 433 258 423 
9 135 236 70 206 385 294 423 258 221 
7 164 107 23 242 336 10 488 
10 179 89 440 407 32 366 177 474 94 414 
6 489 219 411 463 414 94 
4 488 284 418 164 
9 333 318 420 95 32 407 178 438 149 
10 293 459 471 477 425 298 209 321 400 144 
5 19 398 303 427 211 
12 440 168 67 15 159 224 160 337 149 438 178 407 
7 113 144 400 261 130 148 364 
8 333 149 337 160 224 471 459 318 
6 451 183 471 224 159 362 
7 458 210 183 451 88 259 479 
8 368 194 309 311 172 208 184 186 
9 295 364 496 281 311 309 194 365 316 
8 496 364 148 130 208 172 311 281 
9 129 298 458 479 158 139 196 233 444 
4 129 444 209 298 
4 196 274 3 233 
4 341 432 170 186 
7 234 189 240 285 372 394 422 
7 63 392 45 486 246 226 78 
11 288 450 43 91 98 422 394 50 100 6 326 
5 115 363 342 87 358 
7 138 372 285 82 267 12 417 
4 157 117 235 189 
5 189 235 244 146 240 
5 50 138 432 341 100 
4 434 12 267 503 
5 82 285 314 286 106 
4 138 50 394 372 
10 200 402 55 21 378 105 295 316 461 498 
4 417 170 432 138 
5 365 194 498 461 316 
4 378 21 145 212 
5 145 21 55 154 69 
