240 81
23.000 123.000
125.000 0.000
187.000 167.000
81.000 158.000
216.000 93.000
81.000 240.000
14.000 150.000
122.000 131.000
240.000 50.000
0.000 151.000
221.000 110.000
125.000 48.000
215.000 48.000
160.000 231.000
232.000 9.000
205.000 166.000
181.000 119.000
126.000 183.000
53.000 80.000
28.000 69.000
102.000 18.000
202.000 41.000
154.000 56.000
60.000 21.000
119.000 107.000
31.000 58.000
196.000 83.000
178.000 77.000
160.000 41.000
184.000 136.000
227.000 15.000
60.000 240.000
76.000 102.000
18.000 149.000
0.000 101.000
91.000 66.000
134.000 135.000
27.000 127.000
59.000 196.000
9.000 177.000
198.000 180.000
0.000 0.000
16.000 170.000
193.000 31.000
125.000 86.000
171.000 202.000
131.000 129.000
51.000 20.000
38.000 240.000
23.000 221.000
18.000 115.000
104.000 240.000
130.000 140.000
197.000 202.000
49.000 240.000
79.000 131.000
240.000 182.000
186.000 211.000
21.000 132.000
80.000 181.000
44.000 161.000
0.000 39.000
163.000 45.000
139.000 23.000
107.000 174.000
29.000 20.000
119.000 139.000
81.000 164.000
54.000 147.000
191.000 15.000
228.000 0.000
173.000 128.000
227.000 154.000
0.000 240.000
222.000 231.000
240.000 212.000
9.000 69.000
220.000 69.000
139.000 114.000
154.000 133.000
115.000 59.000
59.000 155.000
240.000 175.000
70.000 100.000
197.000 149.000
124.000 110.000
45.000 0.000
136.000 203.000
116.000 115.000
117.000 199.000
57.000 38.000
40.000 86.000
145.000 105.000
240.000 22.000
240.000 141.000
46.000 47.000
43.000 176.000
178.000 111.000
184.000 161.000
26.000 114.000
112.000 65.000
197.000 14.000
201.000 12.000
169.000 135.000
82.000 131.000
19.000 93.000
207.000 183.000
211.000 16.000
87.000 191.000
101.000 208.000
73.000 82.000
216.000 149.000
77.000 137.000
39.000 217.000
106.000 216.000
29.000 161.000
37.000 208.000
97.000 103.000
9.000 201.000
161.000 51.000
61.000 147.000
23.000 108.000
105.000 147.000
196.000 137.000
18.000 240.000
88.000 140.000
101.000 192.000
0.000 18.000
218.000 240.000
192.000 14.000
176.000 216.000
100.000 178.000
75.000 103.000
51.000 47.000
83.000 116.000
240.000 72.000
120.000 25.000
220.000 167.000
151.000 58.000
168.000 193.000
161.000 99.000
43.000 125.000
149.000 24.000
86.000 105.000
87.000 104.000
161.000 117.000
165.000 14.000
148.000 28.000
172.000 199.000
134.000 8.000
111.000 70.000
22.000 132.000
171.000 240.000
75.000 59.000
35.000 105.000
76.000 240.000
187.000 120.000
109.000 219.000
52.000 20.000
119.000 40.000
215.000 200.000
81.000 120.000
85.000 17.000
0.000 13.000
101.000 196.000
0.000 86.000
210.000 176.000
66.000 150.000
86.000 82.000
49.000 97.000
121.000 49.000
87.000 81.000
97.000 91.000
143.000 88.000
201.000 185.000
124.000 157.000
162.000 22.000
45.000 102.000
118.000 214.000
37.000 171.000
121.000 33.000
165.000 100.000
0.000 42.000
240.000 78.000
240.000 197.000
89.000 89.000
50.000 18.000
227.000 215.000
64.000 209.000
173.000 134.000
134.000 216.000
0.000 191.000
147.000 124.000
102.000 156.000
9.000 29.000
180.000 103.000
0.000 200.000
94.000 225.000
97.000 68.000
232.000 177.000
32.000 33.000
80.000 171.000
156.000 218.000
66.000 99.000
103.000 93.000
29.000 89.000
18.000 141.000
166.000 195.000
123.000 224.000
140.000 121.000
224.000 209.000
85.000 133.000
27.000 91.000
88.000 205.000
22.000 113.000
240.000 0.000
22.000 58.000
160.000 99.000
128.000 195.000
107.000 47.000
62.000 79.000
116.000 114.000
133.000 130.000
199.000 75.000
88.000 52.000
44.000 116.000
25.000 48.000
18.000 42.000
91.000 78.000
177.000 26.000
227.000 228.000
16.000 182.000
90.000 131.000
162.000 202.000
125.000 217.000
193.000 61.000
191.000 217.000
56.000 218.000
46.000 82.000
240.000 240.000
9 222 25 86 79 210 223 47 8 89 
5 30 190 72 17 157 
5 109 127 165 110 214 
6 92 170 178 155 213 206 
9 142 38 1 100 215 122 155 178 226 
4 215 100 1 51 
7 195 128 164 42 87 187 66 
8 20 206 213 106 166 77 217 26 
8 26 96 134 19 239 92 206 20 
6 106 122 215 51 35 166 
8 221 111 84 204 170 92 239 19 
7 126 4 168 113 56 105 212 
4 122 106 213 155 
9 198 6 156 32 238 189 214 110 115 
10 51 1 38 152 59 207 34 7 10 35 
11 202 60 39 97 180 61 82 121 168 4 68 
17 178 170 204 84 133 33 144 135 162 105 56 113 168 121 69 142 226 
11 117 232 40 43 116 180 97 39 189 238 114 
8 232 117 114 50 119 197 192 40 
12 116 34 207 59 152 38 142 69 121 82 61 180 
5 119 50 125 74 197 
14 176 140 208 234 203 191 88 219 18 65 194 123 67 53 
15 140 176 53 37 223 210 193 80 104 190 30 124 85 99 3 
3 198 52 6 
7 52 209 235 191 203 14 153 
7 209 52 198 115 158 179 235 
5 238 32 55 49 114 
5 189 39 60 109 214 
6 93 79 86 25 45 174 
6 72 190 104 80 193 146 
6 37 53 67 8 47 223 
8 167 107 175 41 3 99 85 16 
6 90 219 88 191 235 179 
6 115 110 165 90 179 158 
9 75 129 237 58 54 161 211 188 231 
12 237 129 153 14 203 234 208 140 149 46 131 58 
8 193 210 79 93 218 141 182 146 
11 91 24 163 21 137 181 160 220 225 154 134 
6 98 17 72 146 182 196 
11 187 87 2 150 64 137 21 163 24 159 48 
8 124 30 157 11 95 73 112 85 
8 101 81 171 12 139 174 45 151 
6 183 228 227 217 77 166 
5 26 217 227 201 96 
5 154 111 221 19 134 
3 195 62 128 
4 228 183 62 195 
5 201 227 228 195 66 
10 229 199 151 45 25 205 173 186 169 172 
9 96 201 66 187 48 159 24 91 134 
8 111 154 225 36 199 229 172 169 
4 224 78 5 27 
11 141 218 93 174 139 23 120 28 27 196 182 
9 225 220 160 171 81 101 151 199 36 
6 5 78 136 184 95 11 
8 111 169 186 145 144 33 133 84 
7 233 89 8 67 123 126 212 
10 89 233 212 105 162 135 144 145 118 222 
5 173 205 118 145 186 
4 25 222 118 205 
7 43 40 192 10 7 34 116 
4 50 114 49 125 
9 60 202 68 4 194 65 132 127 109 
7 90 165 127 132 65 18 219 
4 126 123 194 4 
11 211 161 107 167 138 200 83 57 185 76 188 
9 46 149 140 3 41 175 54 58 131 
4 161 54 175 107 
5 200 138 73 95 83 
4 231 188 76 240 
4 75 231 240 129 
6 138 167 16 85 112 73 
7 5 11 157 17 98 196 27 
13 236 224 27 28 120 63 29 148 143 177 230 44 22 
13 139 12 171 160 181 137 64 143 148 29 63 120 23 
5 78 224 236 22 13 
7 2 71 147 177 143 64 150 
12 147 71 15 31 108 103 102 130 70 44 230 177 
11 94 9 13 22 44 70 130 102 103 108 31 
4 9 136 78 13 
5 94 31 15 71 216 
